6.36715e-6   5.96165e-6   6.41577e-6   5.82473e-6    6.27839e-6
 5.92244e-6   6.26e-6      6.76118e-6   5.14556e-6    5.96607e-6
 9.70154e-6   8.69519e-6   8.99763e-6   8.9759e-6     1.04365e-5
 3.38849e-8  -5.14326e-9  -2.23162e-8  -2.59524e-8    8.87865e-9
-3.0317e-9   -7.06118e-9   1.04983e-8   7.59825e-10  -2.151e-8
-8.07532e-8   6.52881e-8  -1.43811e-8  -7.32357e-8    5.97791e-8
 4.01166e-7   3.18079e-7   3.97096e-7   2.94839e-7    3.41829e-7
 4.1368e-7    3.77137e-7   2.63836e-7   4.78097e-7    3.25078e-7
 1.62003e-6   1.6716e-6    1.79646e-6   2.07157e-6    1.70996e-6

 mean =   6.169537874178229e-6
  6.011052590731227e-6
  9.361353688067882e-6
 -2.1296489351131466e-9
 -4.06894456481608e-9
 -8.660577414887623e-9
  3.506021110528029e-7
  3.715653933445744e-7
  1.7739230833607353e-6

std =  2.6155259131115627e-7
 5.881389427091343e-7
 7.064504216813592e-7
 2.450680687375898e-8
 1.1723287272832584e-8
 6.991499071917488e-8
 4.733549129493317e-8
 8.203727290762832e-8
 1.7842813397259184e-7

mean loss = 0.4329
std loss = 0.031
