7.49934e-6   7.34653e-6   7.16936e-6   8.23443e-6   7.44457e-6
6.45481e-6   2.66167e-6   5.34242e-6   5.95051e-6   5.74846e-6
2.09992e-5   1.55975e-5   2.27464e-5   2.0924e-5    1.86749e-5
7.92433e-8   1.13619e-7   3.60599e-8   2.64319e-8   1.81448e-7
1.44984e-7   3.29241e-7   2.51275e-7   1.73967e-7   2.65087e-7
4.54397e-7   4.07754e-7   5.80265e-7   3.09119e-7   4.67882e-7
2.72802e-7   9.27922e-8   3.45492e-7   3.26261e-7   9.63373e-8
1.73673e-7  -1.24492e-7  -5.56949e-8   1.24041e-7   4.57333e-8
9.3703e-7    8.84572e-7   6.04373e-7   1.15566e-6   7.67177e-7
4.45678e-7   5.09777e-7   4.78868e-7   4.38874e-7   4.71797e-7
7.74291e-7   7.63536e-7   7.94112e-7   7.56286e-7   7.17177e-7
-1.2747e-6   -1.20992e-6  -1.33887e-6  -1.36403e-6  -1.18632e-6

mean =   7.538845463120568e-6
  5.231575458112492e-6
  1.9788401627681752e-5
  8.73604177919137e-8
  2.3291060155121685e-7
  4.4388340650172747e-7
  2.267370629135814e-7
  3.2652069043426346e-8
  8.697619820424849e-7
  4.689986274733903e-7
  7.610804213005455e-7
 -1.2747679664778137e-6

 std = 4.085949786495009e-7
 1.49139838363344e-6
 2.7527039973774755e-6
 6.315050383123723e-8
 7.392149925418596e-8
 9.842925032264608e-8
 1.2356696107330324e-7
 1.2339899204432323e-7
 2.0459474750124813e-7
 2.8370091539033736e-8
 2.8381693969414276e-8
 7.76297359680672e-8

 mean loss = 0.55
 std loss = 0.06503037155985385
