6.40873e-6  6.42585e-6  6.4575e-6   6.40698e-6  6.45133e-6  6.40515e-6  6.40134e-6  6.44964e-6  0.0  0.0
6.4027e-6   6.37708e-6  6.38599e-6  6.42936e-6  6.50357e-6  6.42044e-6  6.37528e-6  6.38428e-6  0.0  0.0
9.95056e-6  1.00169e-5  1.00089e-5  9.81181e-6  9.9202e-6   9.79733e-6  9.96347e-6  9.81959e-6  0.0  0.0

mean_loss = 0.001349
mean_params =  6.430077812718105e-6
               6.419739640730908e-6
               9.94166356371337e-6
std_params =  2.3509573804146928e-8
              5.091438673907744e-8
              8.303170835692102e-8
