[6.216415957737011 6.515842390896852 10.612776995430492 -0.03425090715983456 0.009482887492781299 0.024655419559071412 0.2998417648780928 0.3152645525267656 1.0168011812236677;
 6.442419944748232 6.199240199178432 11.618852160173319 -0.006166379675457284 0.007131043160886162 0.012159353815853823 0.25561573586539943 0.27894808502325935 1.022420616504451;
 6.332570843511859 6.460943206000493 9.902422042287464 -0.01972687677998696 -0.011146800879909777 -0.07834415866262377 0.267543608416978 0.2624653631460063 1.018361569210021;
 6.092847347030125 6.2705155345742165 9.92727496120495 -0.01224477421575646 0.0339772552089805 0.0067536624849517555 0.3121641368266573 0.32590239058904485 1.0798937805154156;
 6.3598557002112495 6.192163546631533 8.55401169380364 0.02499333893398864 -0.0009069478413910783 0.04149156302330183 0.3404694778518654 0.2740715268229368 1.3677029156319775]

 mean
 julia> mean(params_guessed[:,1:5],dims=2)
9×1 Array{Float64,2}:
  6.288821958647696e-6
  6.327740975456306e-6
  1.0123067570579975e-5
 -9.479119779409324e-9
  7.707487428269423e-9
  1.343168044111009e-9
  2.951269447677986e-7
  2.913303836216026e-7
  1.1010360126171064e-6

  std:
  1.3619909697576143e-7
 1.5107400215423083e-7
 1.120952987276905e-6
 2.1941008834876013e-8
 1.675766776178943e-8
 4.650722538625314e-8
 3.424330891420282e-8
 2.762447723745069e-8
 1.5138459470854905e-7

mean loss = 0.105
std loss = 0.05
